0.000000000000000000e+00 -5.785272382136940571e-16
3.128230575688561999e-05 -5.788239899988320695e-16
1.964255818831528444e-04 -5.775815150150456810e-16
5.724228131720465740e-04 -5.789571255472787310e-16
1.167309634675373076e-03 -5.780299512426965839e-16
1.986824682959076327e-03 -5.769945724650763381e-16
3.038973685542956105e-03 -5.776604296379334778e-16
4.334321653254313844e-03 -5.773953236248284116e-16
5.886325690529492505e-03 -5.770097982710448952e-16
7.711756578138162510e-03 -5.760329048667664062e-16
9.831224431450236168e-03 -5.761066555154370004e-16
1.226982169134638312e-02 -5.758770414842534705e-16
1.505789554361314231e-02 -5.745601424880065395e-16
1.823195938637223179e-02 -5.741904719630942487e-16
2.183574890217698794e-02 -5.716621462276994075e-16
2.592142315281931175e-02 -5.721018379587734309e-16
3.055090622391953836e-02 -5.691216959294737414e-16
3.579736247838471996e-02 -5.683684366863136316e-16
4.174680100320626863e-02 -5.664891945306850604e-16
4.849981432746286458e-02 -5.643163747440207787e-16
5.617347297192099020e-02 -5.632855940966956242e-16
6.490341805787669394e-02 -5.602101139948486838e-16
7.484621408710978585e-02 -5.581340649359621621e-16
8.618203832661541774e-02 -5.558135952993913471e-16
9.911779002952925133e-02 -5.518569669210353703e-16
1.138907037261160937e-01 -5.506941671631109549e-16
1.307725499612666376e-01 -5.463766812651884534e-16
1.500745079815568594e-01 -1.544483170462042038e-12
1.721528002108230204e-01 -5.393211194624947826e-16
1.974151883853358935e-01 -5.358844321871641261e-16
2.263284455098713011e-01 -5.335900334287270807e-16
2.594269356364420354e-01 -5.298159910321260160e-16
2.973224543867170055e-01 -5.259308225536080274e-16
3.407155069566791816e-01 -5.232978643363927857e-16
3.904082271521169822e-01 -5.204403267578852885e-16
4.473191710854806935e-01 -5.217406962786801688e-16
5.125002528580724359e-01 -6.551453937819138609e-13
5.871561272474290494e-01 -5.271768192383776729e-16
6.726663664338272675e-01 -5.169206982793230827e-16
7.706108243519971257e-01 -2.702266365668501924e-16
8.827986333248216688e-01 2.008740127318853517e-17
1.011301332853331569e+00 3.675207095638632845e-16
1.158490688811175673e+00 7.794287989402845364e-16
1.327081820896802711e+00 1.271827358272754616e-15
1.520182313616569303e+00 1.079031752447761417e-15
1.741348035607337419e+00 8.110335840382016863e-16
1.994646424600365897e+00 4.823486517591721298e-16
2.284727996361773705e+00 2.993957814985605694e-16
2.616906783272998638e+00 7.215309814982242867e-17
2.997250267973128324e+00 -2.841962812214762735e-17
3.432679098766466819e+00 -1.059658548747290668e-16
3.931076380761394873e+00 -1.289563771550137126e-16
4.501405519327067672e+00 7.915006163740012729e-17
5.153834291116476507e+00 9.410992957669683407e-17
5.899860807835610288e+00 -1.168658352807900034e-17
6.752434010967844458e+00 -3.983614459280800413e-17
7.726056886403965152e+00 -2.036884944613598142e-17
8.836854216599975942e+00 6.470262278473415237e-19
1.010257784559788696e+01 6.142746906738759743e-18
1.154251065603927273e+01 -1.220306016259161164e-17
1.317721567390402448e+01 2.453973200100673314e-18
1.502805982800870588e+01 6.578375627709315954e-18
1.711642576285378325e+01 -6.982849271152450599e-18
1.946251598565962126e+01 3.577298773866437854e-18
2.208366270430585132e+01 -7.867113381280424742e-19
2.499210069501037879e+01 -1.356254078962045037e-19
2.819225899421777726e+01 1.445983983975499628e-19
3.167779322319149671e+01 -2.274835485225551241e-19
3.542880236243343717e+01 -2.797243423277960224e-19
3.940989332111730192e+01 -9.935809574867289787e-19
4.356986011388988800e+01 1.245616994850855967e-18
4.784359732446984736e+01 7.739142934927594771e-20
5.215640267553003184e+01 -8.070867336985313247e-18
5.643013988611016174e+01 6.060149421816169328e-18
6.059010667888274071e+01 2.808608682323462115e-18
6.457119763756644204e+01 2.495722935366667670e-17
6.832220677680838605e+01 2.164199712868116871e-17
7.180774100578224761e+01 6.216305169486011281e-17
7.500789930498964964e+01 9.613109315160611786e-17
7.791633729569417710e+01 8.619089706796436347e-19
8.053748401434017978e+01 -5.303776062857706898e-18
8.288357423714603556e+01 3.086875574555300262e-16
8.497194017199132077e+01 1.507607051336233784e-16
8.682278432609599861e+01 -4.008362129143625645e-16
8.845748934396073082e+01 -1.638755663834385309e-16
8.989742215440213613e+01 -3.477594027041250698e-17
9.116314578340004005e+01 -4.088240050102999336e-16
9.227394311359604728e+01 -1.736243274406907540e-15
9.324756598903216798e+01 -1.524689479041475847e-15
9.410013919216440570e+01 -2.040819155125185572e-15
9.484616570888353237e+01 2.029196341426317105e-15
9.549859448067294920e+01 -1.787583814779590540e-15
9.606892361923861756e+01 -4.700684150309163795e-15
9.656732090123352918e+01 8.715136208341701908e-16
9.700274973202688500e+01 3.450285801394669664e-15
9.738309321672701913e+01 4.430835871176218416e-15
9.771527200363823340e+01 1.253399418216155462e-15
9.800535357539963854e+01 -1.835990767974068664e-15
9.825865196439266924e+01 -3.144022965031557213e-15
9.847981768638344136e+01 -4.377868570925313076e-15
9.867291817910320617e+01 -5.373697466252081010e-15
9.884150931118882966e+01 -3.600703994010327832e-15
9.898869866714666443e+01 -1.955093279308737937e-15
9.911720136667517522e+01 -4.534458839164231787e-16
9.922938917564800931e+01 9.042447610993119945e-16
9.932733363356616962e+01 2.124352194686030102e-15
9.941284387275257473e+01 4.745081601553306302e-14
9.948749974714192490e+01 1.816032584401036824e-15
9.955268082891453219e+01 1.688043332125741218e-15
9.960959177284789234e+01 1.541330635784824329e-15
9.965928449304333014e+01 1.333385481619958788e-15
9.970267754561328388e+01 1.295607976528023114e-15
9.974057306436355930e+01 1.179592185127833436e-15
9.977367155449013580e+01 1.062960042021359447e-15
9.980258481161466477e+01 1.013912533941306145e-15
9.982784719978917565e+01 9.365914819951233302e-16
9.984992549201844270e+01 7.826002485179655183e-12
9.986922745003873558e+01 8.061091275165107178e-16
9.988610929627388657e+01 6.581323106908580382e-16
9.990088220997046164e+01 6.927404844599864536e-16
9.991381796167337370e+01 6.427429499572125089e-16
9.992515378591289732e+01 5.987291745020561256e-16
9.993509658194213330e+01 6.718626442151495182e-16
9.994382652702807945e+01 6.739761907012117080e-16
9.995150018567254335e+01 6.011578063937625941e-16
9.995825319899680039e+01 5.810119226724802928e-16
9.996420263752160906e+01 5.393241526629588401e-16
9.996944909377607758e+01 5.974142539416225988e-16
9.997407857684717669e+01 5.110280446807449349e-16
9.997816425109782301e+01 5.291382188346440660e-16
9.998176804061363043e+01 5.339615829958923756e-16
9.998494210445639396e+01 5.235919780049337264e-16
9.998773017830865228e+01 4.980259541880088721e-16
9.999016877556854865e+01 6.260769841366654578e-16
9.999228824342185362e+01 4.537680542100040528e-16
9.999411367430947450e+01 4.382274350124593104e-16
9.999566567834673947e+01 4.529983505334724786e-16
9.999696102631445171e+01 5.818473225716047733e-16
9.999801317531704115e+01 4.554133186555007080e-16
9.999883269036531885e+01 6.085011018488022510e-16
9.999942757718682174e+01 4.651552896570746794e-16
9.999980357441810952e+01 4.383747667882097613e-16
9.999996871769424445e+01 3.619325032289846263e-16
1.000000000000000000e+02 4.041170547416425661e-16
