0.000000000000000000e+00 -6.741003768224915725e-03
3.128230575688561999e-05 -6.740787539181744212e-03
1.964255818831528444e-04 -6.739483233486985927e-03
5.724228131720465740e-04 -6.736545987298776621e-03
1.167309634675373076e-03 -6.736788677870418282e-03
1.986824682959076327e-03 -6.726502407451929490e-03
3.038973685542956105e-03 -6.719062128680592695e-03
4.334321653254313844e-03 -6.708203318208036565e-03
5.886325690529492505e-03 -6.695514243686190650e-03
7.711756578138162510e-03 -6.682632418442992911e-03
9.831224431450236168e-03 -6.665026158935672893e-03
1.226982169134638312e-02 -6.649266516526698180e-03
1.505789554361314231e-02 -6.634066471719515974e-03
1.823195938637223179e-02 -6.601305616149597509e-03
2.183574890217698794e-02 -6.572823590081276583e-03
2.592142315281931175e-02 -6.552427594740735384e-03
3.055090622391953836e-02 -6.514350006039470488e-03
3.579736247838471996e-02 -6.552491102581041449e-03
4.174680100320626863e-02 -6.442251231391739504e-03
4.849981432746286458e-02 -6.396462584435394505e-03
5.617347297192099020e-02 -6.313412738303837354e-03
6.490341805787669394e-02 -6.293554654477256927e-03
7.484621408710978585e-02 -6.185168957185239492e-03
8.618203832661541774e-02 -6.158293161882552949e-03
9.911779002952925133e-02 -6.012200902456121647e-03
1.138907037261160937e-01 -5.968715274817954289e-03
1.307725499612666376e-01 -5.852164469739341152e-03
1.500745079815568594e-01 -5.661705380688867965e-03
1.721528002108230204e-01 -5.518327281318610722e-03
1.974151883853358935e-01 -5.244440355095510674e-03
2.263284455098713011e-01 -4.977964136888942542e-03
2.594269356364420354e-01 -4.895626224078955188e-03
2.973224543867170055e-01 -4.452551615679433555e-03
3.407155069566791816e-01 -4.149223459282459781e-03
3.904082271521169822e-01 -3.790102944144537345e-03
4.473191710854806935e-01 -3.315088622197796212e-03
5.125002528580724359e-01 -2.690193672071899880e-03
5.871561272474290494e-01 -2.088153562782327395e-03
6.726663664338272675e-01 -1.382530505033918201e-03
7.706108243519971257e-01 -1.303435966143625963e-03
8.827986333248216688e-01 -9.972383808310193980e-04
1.011301332853331569e+00 -8.152084983551692978e-04
1.158490688811175673e+00 -6.462334597918552694e-04
1.327081820896802711e+00 -2.502843381931970030e-04
1.520182313616569303e+00 -2.463738436540885727e-04
1.741348035607337419e+00 -1.611765075423784760e-04
1.994646424600365897e+00 -1.078535297412474626e-04
2.284727996361773705e+00 -5.190245646556964639e-05
2.616906783272998638e+00 -5.088918726616415745e-05
2.997250267973128324e+00 -3.905380814310800935e-05
3.432679098766466819e+00 -2.765859982952101578e-05
3.931076380761394873e+00 -2.367837739652743292e-05
4.501405519327067672e+00 -1.966449012354118566e-05
5.153834291116476507e+00 -1.215372063523748325e-05
5.899860807835610288e+00 -1.159961649685008268e-05
6.752434010967844458e+00 -8.050216666137216499e-06
7.726056886403965152e+00 -6.804434063497508215e-06
8.836854216599975942e+00 -3.000935027068111910e-05
1.010257784559788696e+01 -3.688931921073451751e-06
1.154251065603927273e+01 -2.869557602326977334e-06
1.317721567390402448e+01 -2.135127725380327310e-06
1.502805982800870588e+01 -1.141613535345211747e-06
1.711642576285378325e+01 -9.134042972866919956e-07
1.946251598565962126e+01 -5.981581659708395359e-07
2.208366270430585132e+01 -3.733191059759868244e-07
2.499210069501037879e+01 -1.635909934132748659e-07
2.819225899421777726e+01 -1.532598967146494571e-07
3.167779322319149671e+01 -2.224711210233175692e-07
3.542880236243343717e+01 -7.398324318146335189e-08
3.940989332111730192e+01 -9.081051704974028919e-08
4.356986011388988800e+01 -1.372773302545104497e-07
4.784359732446984736e+01 -2.607145736962911276e-07
5.215640267553003184e+01 -7.323054626434403994e-07
5.643013988611016174e+01 -8.119115225060843828e-07
6.059010667888274071e+01 -1.410748469950684218e-06
6.457119763756644204e+01 -2.767079607295413728e-06
6.832220677680838605e+01 -4.306818657422629862e-06
7.180774100578224761e+01 -7.055904726350912260e-06
7.500789930498964964e+01 -1.119430008606298983e-05
7.791633729569417710e+01 -1.474293989933684966e-05
8.053748401434017978e+01 -2.843279869771168529e-05
8.288357423714603556e+01 -3.822909801249607122e-05
8.497194017199132077e+01 -4.805977151762969881e-05
8.682278432609599861e+01 -7.424885132711467729e-05
8.845748934396073082e+01 -9.332854353997221150e-05
8.989742215440213613e+01 -1.112086200458404736e-04
9.116314578340004005e+01 -1.410397683562296639e-04
9.227394311359604728e+01 -1.937586963477313325e-04
9.324756598903216798e+01 -1.891031630833289951e-04
9.410013919216440570e+01 -2.522142310144039035e-04
9.484616570888353237e+01 -2.948744391984660439e-04
9.549859448067294920e+01 -3.413572500703435878e-04
9.606892361923861756e+01 -3.999973680286745105e-04
9.656732090123352918e+01 -4.145392535345850463e-04
9.700274973202688500e+01 -5.020931262949148528e-04
9.738309321672701913e+01 -5.353538260807714100e-04
9.771527200363823340e+01 -6.621727134170488950e-04
9.800535357539963854e+01 -7.805570671633578570e-04
9.825865196439266924e+01 -1.203720878876238633e-03
9.847981768638344136e+01 -1.696658501097356294e-03
9.867291817910320617e+01 -2.507173346348488211e-03
9.884150931118882966e+01 -7.543184728341644461e-03
9.898869866714666443e+01 -1.312928242531854507e-02
9.911720136667517522e+01 -1.964157337930384425e-02
9.922938917564800931e+01 -2.707335011339620165e-02
9.932733363356616962e+01 -3.671387754630807410e-02
9.941284387275257473e+01 -1.417023447293345173e-01
9.948749974714192490e+01 -2.419058816045145388e-01
9.955268082891453219e+01 -3.298435212539131411e-01
9.960959177284789234e+01 -4.085117274641674179e-01
9.965928449304333014e+01 -4.789233330392433374e-01
9.970267754561328388e+01 -5.394168771003551299e-01
9.974057306436355930e+01 -5.935967884035208142e-01
9.977367155449013580e+01 -6.419361671863232921e-01
9.980258481161466477e+01 -6.837201737826842374e-01
9.982784719978917565e+01 -7.225665108695505934e-01
9.984992549201844270e+01 -7.543292720823343567e-01
9.986922745003873558e+01 -7.846707520624671695e-01
9.988610929627388657e+01 -8.109689241267659110e-01
9.990088220997046164e+01 -8.326143222931668975e-01
9.991381796167337370e+01 -8.534472170794796808e-01
9.992515378591289732e+01 -8.717552642696695386e-01
9.993509658194213330e+01 -8.870068721913942911e-01
9.994382652702807945e+01 -9.009892038955769067e-01
9.995150018567254335e+01 -9.130154719595380275e-01
9.995825319899680039e+01 -9.246763623871914195e-01
9.996420263752160906e+01 -9.345987726127081840e-01
9.996944909377607758e+01 -9.425139428054283286e-01
9.997407857684717669e+01 -9.506458923079632584e-01
9.997816425109782301e+01 -9.572066619618757599e-01
9.998176804061363043e+01 -9.630266292296230102e-01
9.998494210445639396e+01 -9.686454479772890203e-01
9.998773017830865228e+01 -9.726460992255534510e-01
9.999016877556854865e+01 -9.765525467951672312e-01
9.999228824342185362e+01 -9.804143288788768063e-01
9.999411367430947450e+01 -9.833169732998909840e-01
9.999566567834673947e+01 -9.860662195754907877e-01
9.999696102631445171e+01 -9.881602040887305094e-01
9.999801317531704115e+01 -9.900078762545895250e-01
9.999883269036531885e+01 -9.914023026316440834e-01
9.999942757718682174e+01 -9.923434621449758186e-01
9.999980357441810952e+01 -9.929407203576197105e-01
9.999996871769424445e+01 -9.932097149832020966e-01
1.000000000000000000e+02 -9.932589958831606891e-01
