0.000000000000000000e+00 -5.392176028330479150e-15
3.128230575688561999e-05 -5.392365450245963407e-15
1.964255818831528444e-04 -5.391225985480193612e-15
5.724228131720465740e-04 -5.388941667495065335e-15
1.167309634675373076e-03 -5.385031749909485647e-15
1.986824682959076327e-03 -5.379425790578850254e-15
3.038973685542956105e-03 -5.373415520915716517e-15
4.334321653254313844e-03 -5.364627775046613171e-15
5.886325690529492505e-03 -5.354564271620688698e-15
7.711756578138162510e-03 -5.344265209207212579e-15
9.831224431450236168e-03 -5.329242946977251517e-15
1.226982169134638312e-02 -5.313084559847525723e-15
1.505789554361314231e-02 -5.294974711648401453e-15
1.823195938637223179e-02 -5.274722757926802687e-15
2.183574890217698794e-02 -5.253111838964542303e-15
2.592142315281931175e-02 -5.221501902961081504e-15
3.055090622391953836e-02 -5.194433155587525955e-15
3.579736247838471996e-02 -5.157331588332569951e-15
4.174680100320626863e-02 -5.119604442072747603e-15
4.849981432746286458e-02 -5.072258971694894769e-15
5.617347297192099020e-02 -5.026814012512732804e-15
6.490341805787669394e-02 -4.964792525421166032e-15
7.484621408710978585e-02 -4.897196240320320783e-15
8.618203832661541774e-02 -4.826824881941314623e-15
9.911779002952925133e-02 -4.738815510836650866e-15
1.138907037261160937e-01 -4.640205601997621153e-15
1.307725499612666376e-01 -4.521677169779887554e-15
1.500745079815568594e-01 -4.394911340383683813e-15
1.721528002108230204e-01 -4.244681195638321751e-15
1.974151883853358935e-01 -4.064487127068178357e-15
2.263284455098713011e-01 -3.867663480725212830e-15
2.594269356364420354e-01 -3.637428942149236367e-15
2.973224543867170055e-01 -3.363173851204492267e-15
3.407155069566791816e-01 -3.046570634949239962e-15
3.904082271521169822e-01 -2.682272442294990091e-15
4.473191710854806935e-01 -2.264090404605726138e-15
5.125002528580724359e-01 -1.764918690885269895e-15
5.871561272474290494e-01 -1.175607883520946518e-15
6.726663664338272675e-01 -5.296472285566166103e-16
7.706108243519971257e-01 -3.945857238543181764e-16
8.827986333248216688e-01 -2.337609098063593095e-16
1.011301332853331569e+00 -4.228142449596130815e-17
1.158490688811175673e+00 1.850083529478577077e-16
1.327081820896802711e+00 4.561013515252474826e-16
1.520182313616569303e+00 3.885742825754619306e-16
1.741348035607337419e+00 2.901023608276623991e-16
1.994646424600365897e+00 1.673386360385464236e-16
2.284727996361773705e+00 1.806620263271942524e-17
2.616906783272998638e+00 -1.684610426957178349e-16
2.997250267973128324e+00 -1.142217978833949857e-16
3.432679098766466819e+00 -2.769896155780648743e-18
3.931076380761394873e+00 8.514294494330303960e-17
4.501405519327067672e+00 9.009572173198988978e-17
5.153834291116476507e+00 7.146132498627774202e-17
5.899860807835610288e+00 -4.279257879206693127e-17
6.752434010967844458e+00 1.492644553158314596e-17
7.726056886403965152e+00 -3.513997015014315830e-17
8.836854216599975942e+00 -1.998195887786294062e-17
1.010257784559788696e+01 -4.737398671509027249e-18
1.154251065603927273e+01 -1.776475972533764318e-17
1.317721567390402448e+01 -1.800183248392851783e-17
1.502805982800870588e+01 9.290123645034167883e-18
1.711642576285378325e+01 -3.330924334278923780e-18
1.946251598565962126e+01 1.976656419168545840e-18
2.208366270430585132e+01 -2.330978446537186862e-18
2.499210069501037879e+01 -3.272039588371400399e-16
2.819225899421777726e+01 5.643418787628156971e-19
3.167779322319149671e+01 -1.154425013786635966e-19
3.542880236243343717e+01 2.948445723161708095e-19
3.940989332111730192e+01 -7.246706483224644464e-19
4.356986011388988800e+01 5.104672521347928120e-19
4.784359732446984736e+01 -2.016997358657340916e-19
5.215640267553003184e+01 -1.945954606184316843e-18
5.643013988611016174e+01 3.886738373332411059e-18
6.059010667888274071e+01 -1.048921756628168897e-19
6.457119763756644204e+01 2.261306343381178783e-17
6.832220677680838605e+01 1.436488950797105527e-17
7.180774100578224761e+01 5.445995546713761472e-17
7.500789930498964964e+01 8.607286087173842400e-17
7.791633729569417710e+01 -3.926937625976109639e-17
8.053748401434017978e+01 -2.382440892429855440e-17
8.288357423714603556e+01 2.760757553875751197e-16
8.497194017199132077e+01 1.481033459221773084e-16
8.682278432609599861e+01 -4.979574509086924023e-16
8.845748934396073082e+01 -1.720453937224281736e-16
8.989742215440213613e+01 -6.084181353118073303e-17
9.116314578340004005e+01 -4.440086836546623446e-16
9.227394311359604728e+01 -1.746425348834115755e-15
9.324756598903216798e+01 -1.638199483060436340e-15
9.410013919216440570e+01 -2.075570845660393493e-15
9.484616570888353237e+01 1.959277057335380404e-15
9.549859448067294920e+01 -1.691460544335379932e-15
9.606892361923861756e+01 -4.507219343422812269e-15
9.656732090123352918e+01 9.214795552797792015e-16
9.700274973202688500e+01 3.479874547479731651e-15
9.738309321672701913e+01 4.496808341389060301e-15
9.771527200363823340e+01 1.424246863405821360e-15
9.800535357539963854e+01 -1.577047677025777334e-15
9.825865196439266924e+01 -2.967722188068081647e-15
9.847981768638344136e+01 -4.257059728240273626e-15
9.867291817910320617e+01 -5.311960252859114720e-15
9.884150931118882966e+01 -3.547706025480117453e-15
9.898869866714666443e+01 -1.924310028120452413e-15
9.911720136667517522e+01 -4.323445673032611042e-16
9.922938917564800931e+01 9.157505882762172726e-16
9.932733363356616962e+01 2.131720786398125904e-15
9.941284387275257473e+01 2.093121562518559230e-15
9.948749974714192490e+01 2.102334408622867355e-15
9.955268082891453219e+01 2.174020604753027040e-15
9.960959177284789234e+01 2.343377716244773447e-15
9.965928449304333014e+01 2.485355794730451147e-15
9.970267754561328388e+01 2.753158126743830965e-15
9.974057306436355930e+01 2.959106783504545203e-15
9.977367155449013580e+01 3.143407828700926669e-15
9.980258481161466477e+01 3.386854690217078492e-15
9.982784719978917565e+01 3.522033142316236812e-15
9.984992549201844270e+01 3.741857600915555185e-15
9.986922745003873558e+01 3.913639508730701029e-15
9.988610929627388657e+01 4.030487163898065703e-15
9.990088220997046164e+01 4.176020625426830794e-15
9.991381796167337370e+01 4.319726174132079045e-15
9.992515378591289732e+01 4.416746421192642995e-15
9.993509658194213330e+01 4.460162827908389510e-15
9.994382652702807945e+01 4.652749062159039617e-15
9.995150018567254335e+01 4.728375079207357126e-15
9.995825319899680039e+01 4.761227284261805222e-15
9.996420263752160906e+01 4.960180466279035391e-15
9.996944909377607758e+01 4.924997305304984522e-15
9.997407857684717669e+01 4.918942615739308348e-15
9.997816425109782301e+01 4.942355388718771709e-15
9.998176804061363043e+01 4.911600602214323359e-15
9.998494210445639396e+01 5.197135155107449919e-15
9.998773017830865228e+01 5.211576069302886862e-15
9.999016877556854865e+01 5.211816137396889429e-15
9.999228824342185362e+01 5.232747228003469751e-15
9.999411367430947450e+01 5.166419941373417146e-15
9.999566567834673947e+01 5.240633497323892209e-15
9.999696102631445171e+01 5.224957649627051841e-15
9.999801317531704115e+01 5.156114580093951011e-15
9.999883269036531885e+01 5.239053672815055596e-15
9.999942757718682174e+01 5.187399566637966252e-15
9.999980357441810952e+01 5.205461767281044616e-15
9.999996871769424445e+01 5.296914333070322699e-15
1.000000000000000000e+02 5.257636166999598978e-15
