0.000000000000000000e+00 -6.829245458905678495e-03
3.128230575688561999e-05 -6.829024056662953354e-03
1.964255818831528444e-04 -6.827398429521246842e-03
5.724228131720465740e-04 -6.824768060851396125e-03
1.167309634675373076e-03 -6.825687185685297420e-03
1.986824682959076327e-03 -6.824739918197680021e-03
3.038973685542956105e-03 -6.805767641662772288e-03
4.334321653254313844e-03 -6.797980312721916413e-03
5.886325690529492505e-03 -6.792931060568736974e-03
7.711756578138162510e-03 -6.772524974843444935e-03
9.831224431450236168e-03 -6.752501336355618000e-03
1.226982169134638312e-02 -6.743004279272996580e-03
1.505789554361314231e-02 -6.728307778228709984e-03
1.823195938637223179e-02 -6.686445086277945787e-03
2.183574890217698794e-02 -6.664287751211698391e-03
2.592142315281931175e-02 -6.656168203169511230e-03
3.055090622391953836e-02 -6.595977096712238308e-03
3.579736247838471996e-02 -6.562988639347807837e-03
4.174680100320626863e-02 -6.523189121584317685e-03
4.849981432746286458e-02 -6.485924588048083868e-03
5.617347297192099020e-02 -6.489363585394805276e-03
6.490341805787669394e-02 -6.349774397198805834e-03
7.484621408710978585e-02 -6.306192478925613971e-03
8.618203832661541774e-02 -6.170733465404046325e-03
9.911779002952925133e-02 -6.117233304358546744e-03
1.138907037261160937e-01 -6.005728464291188069e-03
1.307725499612666376e-01 -5.851972059497574825e-03
1.500745079815568594e-01 -5.690847314736422434e-03
1.721528002108230204e-01 -5.645519901886683276e-03
1.974151883853358935e-01 -5.267981989079525453e-03
2.263284455098713011e-01 -5.126472880169300264e-03
2.594269356364420354e-01 -4.816767438837570893e-03
2.973224543867170055e-01 -4.525450234994951755e-03
3.407155069566791816e-01 -4.223225125122646341e-03
3.904082271521169822e-01 -3.715404226757298978e-03
4.473191710854806935e-01 -3.149348071774712640e-03
5.125002528580724359e-01 -2.746054015545372224e-03
5.871561272474290494e-01 -2.061323620273100999e-03
6.726663664338272675e-01 -1.399031031285036860e-03
7.706108243519971257e-01 -1.176842740852975530e-03
8.827986333248216688e-01 -9.647706112180017696e-04
1.011301332853331569e+00 -8.683775129215779700e-04
1.158490688811175673e+00 -6.048970477777400627e-04
1.327081820896802711e+00 -3.384365358558449497e-04
1.520182313616569303e+00 -2.492646146797235338e-04
1.741348035607337419e+00 -1.934878730791160832e-04
1.994646424600365897e+00 -3.150899196261159046e-05
2.284727996361773705e+00 -7.311338097743932322e-05
2.616906783272998638e+00 -4.956778247015801160e-05
2.997250267973128324e+00 -3.891578974452559011e-05
3.432679098766466819e+00 -2.540148227526411672e-05
3.931076380761394873e+00 -2.568284751702417038e-05
4.501405519327067672e+00 -1.953441642852827708e-05
5.153834291116476507e+00 -1.352270796447228590e-05
5.899860807835610288e+00 -1.187623554874246895e-05
6.752434010967844458e+00 -8.454817979929849081e-06
7.726056886403965152e+00 -7.272359550502163530e-06
8.836854216599975942e+00 -5.832983174651640283e-06
1.010257784559788696e+01 -3.592159148214230441e-06
1.154251065603927273e+01 -3.282486682927597733e-06
1.317721567390402448e+01 -2.395316384744627825e-06
1.502805982800870588e+01 -1.149490551773039423e-06
1.711642576285378325e+01 -9.095092834283063813e-07
1.946251598565962126e+01 -5.992967239979733687e-07
2.208366270430585132e+01 -3.148709266093757621e-07
2.499210069501037879e+01 -2.348484441466058742e-07
2.819225899421777726e+01 -1.518889053413118903e-07
3.167779322319149671e+01 -1.028850862345925961e-07
3.542880236243343717e+01 -9.680500889536217381e-08
3.940989332111730192e+01 -9.250051803332333573e-08
4.356986011388988800e+01 -1.513047416099677258e-07
4.784359732446984736e+01 -2.418376284210155810e-07
5.215640267553003184e+01 -4.135768411072405688e-07
5.643013988611016174e+01 -8.218830145213182059e-07
6.059010667888274071e+01 -1.364000305958014730e-06
6.457119763756644204e+01 -2.564367339356802215e-06
6.832220677680838605e+01 -4.221235942879193586e-06
7.180774100578224761e+01 -7.479428679050652860e-06
7.500789930498964964e+01 -1.225076225867729663e-05
7.791633729569417710e+01 -1.834390899161892437e-05
8.053748401434017978e+01 -2.621635885351452505e-05
8.288357423714603556e+01 -2.907704439988252642e-05
8.497194017199132077e+01 -5.121728194461863367e-05
8.682278432609599861e+01 -7.167320185123863478e-05
8.845748934396073082e+01 -9.902256031060744268e-05
8.989742215440213613e+01 -1.152104174793068786e-04
9.116314578340004005e+01 -1.436999869159207390e-04
9.227394311359604728e+01 -1.774981409149649727e-04
9.324756598903216798e+01 -2.352798197183444669e-04
9.410013919216440570e+01 -1.987912584353944780e-04
9.484616570888353237e+01 -2.606597774159042204e-04
9.549859448067294920e+01 -3.372646270901091033e-04
9.606892361923861756e+01 -3.734305580164369392e-04
9.656732090123352918e+01 -4.217580599883247422e-04
9.700274973202688500e+01 -5.001335331478029686e-04
9.738309321672701913e+01 -4.613400825496621720e-04
9.771527200363823340e+01 -6.376858931684979605e-04
9.800535357539963854e+01 -7.466041207106499135e-04
9.825865196439266924e+01 -1.267251647922269277e-03
9.847981768638344136e+01 -1.724878993868538034e-03
9.867291817910320617e+01 -2.555857688298488872e-03
9.884150931118882966e+01 -7.561626327082458451e-03
9.898869866714666443e+01 -1.305517869640192806e-02
9.911720136667517522e+01 -1.947242560217057189e-02
9.922938917564800931e+01 -2.769616542072991794e-02
9.932733363356616962e+01 -3.656177084828601126e-02
9.941284387275257473e+01 -1.411377552518272016e-01
9.948749974714192490e+01 -2.411593030041390140e-01
9.955268082891453219e+01 -3.303205223216161834e-01
9.960959177284789234e+01 -4.067481782353139508e-01
9.965928449304333014e+01 -4.776186268767625420e-01
9.970267754561328388e+01 -5.385309177886496990e-01
9.974057306436355930e+01 -5.938695953768768909e-01
9.977367155449013580e+01 -6.420513414635513616e-01
9.980258481161466477e+01 -6.838424881855621473e-01
9.982784719978917565e+01 -7.220364444161625483e-01
9.984992549201844270e+01 -7.560666088442931088e-01
9.986922745003873558e+01 -7.848691736356556703e-01
9.988610929627388657e+01 -8.099069505056131213e-01
9.990088220997046164e+01 -8.335572867418514775e-01
9.991381796167337370e+01 -8.540838162657841126e-01
9.992515378591289732e+01 -8.709845236431200677e-01
9.993509658194213330e+01 -8.876492398477210388e-01
9.994382652702807945e+01 -9.007633553361720224e-01
9.995150018567254335e+01 -9.140354780372050847e-01
9.995825319899680039e+01 -9.246764535732661106e-01
9.996420263752160906e+01 -9.338529892510667452e-01
9.996944909377607758e+01 -9.421780330203651799e-01
9.997407857684717669e+01 -9.508356495739295200e-01
9.997816425109782301e+01 -9.569322155729012014e-01
9.998176804061363043e+01 -9.626785419509813480e-01
9.998494210445639396e+01 -9.681670459923633620e-01
9.998773017830865228e+01 -9.731180068786217108e-01
9.999016877556854865e+01 -9.767555980133885152e-01
9.999228824342185362e+01 -9.800328311320238850e-01
9.999411367430947450e+01 -9.834547473766021009e-01
9.999566567834673947e+01 -9.857761200009274027e-01
9.999696102631445171e+01 -9.879555089802376511e-01
9.999801317531704115e+01 -9.898920929821094505e-01
9.999883269036531885e+01 -9.912244797973676080e-01
9.999942757718682174e+01 -9.922591759818830681e-01
9.999980357441810952e+01 -9.928464633615073920e-01
9.999996871769424445e+01 -9.931149844595419385e-01
1.000000000000000000e+02 -9.931707542021954715e-01
