0.0
3.128230575688562e-07
1.9642558188315284e-06
5.724228131720466e-06
1.167309634675373e-05
1.9868246829590763e-05
3.038973685542956e-05
4.334321653254314e-05
5.8863256905294925e-05
7.711756578138163e-05
9.831224431450236e-05
0.00012269821691346383
0.00015057895543613142
0.00018231959386372232
0.00021835748902176988
0.0002592142315281931
0.0003055090622391954
0.0003579736247838472
0.0004174680100320627
0.00048499814327462865
0.0005617347297192099
0.0006490341805787669
0.0007484621408710979
0.0008618203832661542
0.0009911779002952925
0.001138907037261161
0.0013077254996126664
0.0015007450798155686
0.0017215280021082302
0.001974151883853359
0.002263284455098713
0.0025942693563644204
0.00297322454386717
0.003407155069566792
0.00390408227152117
0.004473191710854807
0.005125002528580724
0.0058715612724742905
0.006726663664338273
0.007706108243519971
0.008827986333248217
0.010113013328533316
0.011584906888111757
0.013270818208968027
0.015201823136165693
0.017413480356073374
0.01994646424600366
0.022847279963617736
0.026169067832729986
0.029972502679731283
0.03432679098766467
0.039310763807613947
0.045014055193270675
0.05153834291116476
0.0589986080783561
0.06752434010967845
0.07726056886403965
0.08836854216599976
0.10102577845597888
0.11542510656039273
0.13177215673904025
0.15028059828008705
0.17116425762853782
0.1946251598565962
0.2208366270430585
0.24992100695010377
0.2819225899421778
0.31677793223191497
0.35428802362433437
0.394098933211173
0.43569860113889886
0.4784359732446985
0.5215640267553003
0.5643013988611016
0.6059010667888274
0.6457119763756645
0.6832220677680838
0.7180774100578224
0.7500789930498964
0.7791633729569418
0.8053748401434018
0.8288357423714604
0.8497194017199132
0.86822784326096
0.8845748934396073
0.8989742215440214
0.9116314578340003
0.9227394311359605
0.9324756598903217
0.941001391921644
0.9484616570888353
0.9549859448067295
0.9606892361923862
0.9656732090123353
0.9700274973202688
0.9738309321672702
0.9771527200363823
0.9800535357539963
0.9825865196439267
0.9847981768638344
0.9867291817910321
0.9884150931118882
0.9898869866714667
0.9911720136667518
0.9922938917564801
0.9932733363356617
0.9941284387275258
0.9948749974714193
0.9955268082891453
0.9960959177284789
0.9965928449304333
0.9970267754561328
0.9974057306436356
0.9977367155449014
0.9980258481161467
0.9982784719978918
0.9984992549201844
0.9986922745003873
0.9988610929627388
0.9990088220997047
0.9991381796167338
0.999251537859129
0.9993509658194213
0.9994382652702808
0.9995150018567255
0.999582531989968
0.999642026375216
0.9996944909377607
0.9997407857684718
0.9997816425109782
0.9998176804061363
0.999849421044564
0.9998773017830865
0.9999016877556854
0.9999228824342186
0.9999411367430947
0.9999566567834673
0.9999696102631446
0.9999801317531705
0.9999883269036531
0.9999942757718682
0.9999980357441811
0.9999996871769424
1.0
